// Numbers

@064
1111110000101010
1111111110101001
0000000000000000
0000000010110010
0000000000001101
1111111111101001
0000001011111100
0000000000001111
0000000101110001
1111110011110001
1111111111111111
0000000000000011
0000000001111101
0000000001011101
1111111011111001
1111111111111001
0000000000100101
0000000001011000
0000000000010100
1111111111111111


// Instructions

@0dc
1110000000000000
1111011111111111
1000000000000100
1000000000000100
1000000000000100
1000000000000100
1100000000010000
1000100000000001
1110000000000000
1000101000000001
1000110000000001
0000000001100100
1000111000000001
0000000001100101
1000010000000001
1000111000001000
1000100000010000
0100101011101111
0010000011110100
1000010000000010
1000111000000001
1110000000000000
1111000000000001
1000110000000001
0000000001100110
1000010000000001
1000111000001000
1000100000010000
0100101011111010
0010000011111111
1000010000000010
1000111000000001
1110000000000000
1111000000000010
1000110000000001
0000000001100111
1000010000000001
1000111000001000
1000100000010000
0100101100000101
0010000100001010
1000010000000010
1000111000000001
1110000000000000
1111000000000011
1000110000000001
0000000001101000
1000010000000001
1000111000001000
1000100000010000
0100101100010000
0010000100010101
1000010000000010
1000111000000001
1110000000000000
1111000000000100
1000110000000001
0000000001101001
1000010000000001
1000111000001000
1000100000010000
0100101100011011
0010000100100000
1000010000000010
1000111000000001
1110000000000000
1111000000000101
1000110000000001
0000000001101010
1000010000000001
1000111000001000
1000100000010000
0100101100100110
0010000100101011
1000010000000010
1000111000000001
1110000000000000
1111000000000110
1000110000000001
0000000001101011
1000010000000001
1000111000001000
1000100000010000
0100101100110001
0010000100110110
1000010000000010
1000111000000001
1110000000000000
1111000000000111
1000110000000001
0000000001101100
1000010000000001
1000111000001000
1000100000010000
0100101100111100
0010000101000001
1000010000000010
1000111000000001
1110000000000000
1111000000001000
1000110000000001
0000000001101101
1000010000000001
1000111000001000
1000100000010000
0100101101000111
0010000101001100
1000010000000010
1000111000000001
1110000000000000
1111000000001001
1000110000000001
0000000001101110
1000010000000001
1000111000001000
1000100000010000
0100101101010010
0010000101010111
1000010000000010
1000111000000001
1110000000000000
1111000000001010
1000110000000001
0000000001101111
1000010000000001
1000111000001000
1000100000010000
0100101101011101
0010000101100010
1000010000000010
1000111000000001
1110000000000000
1111000000001011
1000110000000001
0000000001110000
1000010000000001
1000111000001000
1000100000010000
0100101101101000
0010000101101101
1000010000000010
1000111000000001
1110000000000000
1111000000001100
1000110000000001
0000000001110001
1000010000000001
1000111000001000
1000100000010000
0100101101110011
0010000101111000
1000010000000010
1000111000000001
1110000000000000
1111000000001101
1000110000000001
0000000001110010
1000010000000001
1000111000001000
1000100000010000
0100101101111110
0010000110000011
1000010000000010
1000111000000001
1110000000000000
1111000000001110
1000110000000001
0000000001110011
1000010000000001
1000111000001000
1000100000010000
0100101110001001
0010000110001110
1000010000000010
1000111000000001
1110000000000000
1111000000001111
1000110000000001
0000000001110100
1000010000000001
1000111000001000
1000100000010000
0100101110010100
0010000110011001
1000010000000010
1000111000000001
1110000000000000
1111000000010000
1000110000000001
0000000001110101
1000010000000001
1000111000001000
1000100000010000
0100101110011111
0010000110100100
1000010000000010
1000111000000001
1110000000000000
1111000000010001
1000110000000001
0000000001110110
1000010000000001
1000111000001000
1000100000010000
0100101110101010
0010000110101111
1000010000000010
1000111000000001
1110000000000000
1111000000010010
1000110000000001
0000000001110111
1000010000000001
1000111000001000
1000100000010000
0100101110110101
0010000110111010
1000010000000010
1000111000000001
1110000000000000
1111000000010011
1000110000000001
1000111000000010
0001000011001000
1000110000000010
0001000011001100
