@3e8
10011110
00000000
00000000
00000000
@3ec
11110010
00000010
00000000
00000000
@3f0
10100110
11111110
11111111
11111111
@3f4
00000011
00000000
00000000
00000000
@3f8
00110101
00000000
00000000
00000000
@3fc
01001101
00000000
00000000
00000000
@400
11011100
00000101
00000000
00000000
@404
00001100
11111001
11111111
11111111
@408
11101101
00000000
00000000
00000000
@40c
11101111
11111111
11111111
11111111
@410
10010101
00000000
00000000
00000000
@414
01010010
00000000
00000000
00000000
@418
11001000
00000001
00000000
00000000
@41c
11011101
00010001
00000000
00000000
@420
00110000
11111000
11111111
11111111
@424
11111100
00001100
00000000
00000000
@428
01010101
00000000
00000000
00000000
@42c
00001010
00000000
00000000
00000000
@430
01111100
00001101
00000000
00000000
@434
11001000
11111111
11111111
11111111