11101000
00000011
00000001
10001100
00000000
00000000
00100010
00100000
00000001
00000000
00000011
00100000
00000000
00000000
00001000
00100000
00010100
00000000
00000100
00100000
00001010
00000000
01100100
00010000
00100000
00101000
00000011
00000000
00100000
00101000
10100101
00000000
00100000
00101000
10100101
00000000
11101000
00000011
10100110
10001100
00101010
00111000
01000110
00000000
00000010
00000000
11100000
00010000
00100000
00010000
11000000
00000000
00100000
01000000
01100000
00000000
00000001
00000000
01100011
00100000
00000101
00000000
00000000
00001000
11010000
00000111
00000010
10101100
11010100
00000111
00001000
10101100



